2.458202934027777985e+06 2.458202937500000000e+06 2.458202940972222481e+06 2.458202944444444496e+06 2.458202947916666511e+06 2.458202951388888992e+06 2.458202954861111008e+06 2.458202958333333489e+06 2.458202961805555504e+06 2.458202965277777985e+06 2.458202968750000000e+06 2.458202972222222481e+06 2.458202975694444496e+06 2.458202979166666511e+06 2.458202982638888992e+06 2.458202986111111008e+06 2.458202989583333489e+06 2.458202993055555504e+06 2.458202996527777985e+06 2.458203000000000000e+06 2.458203003472222481e+06 2.458203006944444496e+06 2.458203010416666511e+06 2.458203013888888992e+06
2.458202935625000391e+06 2.458202939097222406e+06 2.458202942569444887e+06 2.458202946041666903e+06 2.458202949513888918e+06 2.458202952986111399e+06 2.458202956458333414e+06 2.458202959930555895e+06 2.458202963402777910e+06 2.458202966875000391e+06 2.458202970347222406e+06 2.458202973819444887e+06 2.458202977291666903e+06 2.458202980763888918e+06 2.458202984236111399e+06 2.458202987708333414e+06 2.458202991180555895e+06 2.458202994652777910e+06 2.458202998125000391e+06 2.458203001597222406e+06 2.458203005069444887e+06 2.458203008541666903e+06 2.458203012013888918e+06 2.458203015486111399e+06
2.458202948877315037e+06 2.458202952349537052e+06 2.458202955821759533e+06 2.458202959293981548e+06 2.458202962766203564e+06 2.458202966238426045e+06 2.458202969710648060e+06 2.458202973182870541e+06 2.458202976655092556e+06 2.458202980127315037e+06 2.458202983599537052e+06 2.458202987071759533e+06 2.458202990543981548e+06 2.458202994016203564e+06 2.458202997488426045e+06 2.458203000960648060e+06 2.458203004432870541e+06 2.458203007905092556e+06 2.458203011377315037e+06 2.458203014849537052e+06 2.458203018321759533e+06 2.458203021793981548e+06 2.458203025266203564e+06 2.458203028738426045e+06
2.458202956053240690e+06 2.458202959525462706e+06 2.458202962997685187e+06 2.458202966469907202e+06 2.458202969942129217e+06 2.458202973414351698e+06 2.458202976886573713e+06 2.458202980358796194e+06 2.458202983831018209e+06 2.458202987303240690e+06 2.458202990775462706e+06 2.458202994247685187e+06 2.458202997719907202e+06 2.458203001192129217e+06 2.458203004664351698e+06 2.458203008136573713e+06 2.458203011608796194e+06 2.458203015081018209e+06 2.458203018553240690e+06 2.458203022025462706e+06 2.458203025497685187e+06 2.458203028969907202e+06 2.458203032442129217e+06 2.458203035914351698e+06
2.458202960185185540e+06 2.458202963657407556e+06 2.458202967129630037e+06 2.458202970601852052e+06 2.458202974074074067e+06 2.458202977546296548e+06 2.458202981018518563e+06 2.458202984490741044e+06 2.458202987962963060e+06 2.458202991435185540e+06 2.458202994907407556e+06 2.458202998379630037e+06 2.458203001851852052e+06 2.458203005324074067e+06 2.458203008796296548e+06 2.458203012268518563e+06 2.458203015740741044e+06 2.458203019212963060e+06 2.458203022685185540e+06 2.458203026157407556e+06 2.458203029629630037e+06 2.458203033101852052e+06 2.458203036574074067e+06 2.458203040046296548e+06
2.458202965833333321e+06 2.458202969305555336e+06 2.458202972777777817e+06 2.458202976249999832e+06 2.458202979722221848e+06 2.458202983194444329e+06 2.458202986666666344e+06 2.458202990138888825e+06 2.458202993611110840e+06 2.458202997083333321e+06 2.458203000555555336e+06 2.458203004027777817e+06 2.458203007499999832e+06 2.458203010972221848e+06 2.458203014444444329e+06 2.458203017916666344e+06 2.458203021388888825e+06 2.458203024861110840e+06 2.458203028333333321e+06 2.458203031805555336e+06 2.458203035277777817e+06 2.458203038749999832e+06 2.458203042222221848e+06 2.458203045694444329e+06
2.458202969918981660e+06 2.458202973391203675e+06 2.458202976863426156e+06 2.458202980335648172e+06 2.458202983807870187e+06 2.458202987280092668e+06 2.458202990752314683e+06 2.458202994224537164e+06 2.458202997696759179e+06 2.458203001168981660e+06 2.458203004641203675e+06 2.458203008113426156e+06 2.458203011585648172e+06 2.458203015057870187e+06 2.458203018530092668e+06 2.458203022002314683e+06 2.458203025474537164e+06 2.458203028946759179e+06 2.458203032418981660e+06 2.458203035891203675e+06 2.458203039363426156e+06 2.458203042835648172e+06 2.458203046307870187e+06 2.458203049780092668e+06
2.458202977187500335e+06 2.458202980659722351e+06 2.458202984131944831e+06 2.458202987604166847e+06 2.458202991076388862e+06 2.458202994548611343e+06 2.458202998020833358e+06 2.458203001493055839e+06 2.458203004965277854e+06 2.458203008437500335e+06 2.458203011909722351e+06 2.458203015381944831e+06 2.458203018854166847e+06 2.458203022326388862e+06 2.458203025798611343e+06 2.458203029270833358e+06 2.458203032743055839e+06 2.458203036215277854e+06 2.458203039687500335e+06 2.458203043159722351e+06 2.458203046631944831e+06 2.458203050104166847e+06 2.458203053576388862e+06 2.458203057048611343e+06
2.458202980787037406e+06 2.458202984259259421e+06 2.458202987731481902e+06 2.458202991203703918e+06 2.458202994675925933e+06 2.458202998148148414e+06 2.458203001620370429e+06 2.458203005092592910e+06 2.458203008564814925e+06 2.458203012037037406e+06 2.458203015509259421e+06 2.458203018981481902e+06 2.458203022453703918e+06 2.458203025925925933e+06 2.458203029398148414e+06 2.458203032870370429e+06 2.458203036342592910e+06 2.458203039814814925e+06 2.458203043287037406e+06 2.458203046759259421e+06 2.458203050231481902e+06 2.458203053703703918e+06 2.458203057175925933e+06 2.458203060648148414e+06
2.458202985972222406e+06 2.458202989444444422e+06 2.458202992916666903e+06 2.458202996388888918e+06 2.458202999861110933e+06 2.458203003333333414e+06 2.458203006805555429e+06 2.458203010277777910e+06 2.458203013749999925e+06 2.458203017222222406e+06 2.458203020694444422e+06 2.458203024166666903e+06 2.458203027638888918e+06 2.458203031111110933e+06 2.458203034583333414e+06 2.458203038055555429e+06 2.458203041527777910e+06 2.458203044999999925e+06 2.458203048472222406e+06 2.458203051944444422e+06 2.458203055416666903e+06 2.458203058888888918e+06 2.458203062361110933e+06 2.458203065833333414e+06
2.458202991030092817e+06 2.458202994502314832e+06 2.458202997974537313e+06 2.458203001446759328e+06 2.458203004918981344e+06 2.458203008391203824e+06 2.458203011863425840e+06 2.458203015335648321e+06 2.458203018807870336e+06 2.458203022280092817e+06 2.458203025752314832e+06 2.458203029224537313e+06 2.458203032696759328e+06 2.458203036168981344e+06 2.458203039641203824e+06 2.458203043113425840e+06 2.458203046585648321e+06 2.458203050057870336e+06 2.458203053530092817e+06 2.458203057002314832e+06 2.458203060474537313e+06 2.458203063946759328e+06 2.458203067418981344e+06 2.458203070891203824e+06
2.458202997083333321e+06 2.458203000555555336e+06 2.458203004027777817e+06 2.458203007499999832e+06 2.458203010972221848e+06 2.458203014444444329e+06 2.458203017916666344e+06 2.458203021388888825e+06 2.458203024861110840e+06 2.458203028333333321e+06 2.458203031805555336e+06 2.458203035277777817e+06 2.458203038749999832e+06 2.458203042222221848e+06 2.458203045694444329e+06 2.458203049166666344e+06 2.458203052638888825e+06 2.458203056111110840e+06 2.458203059583333321e+06 2.458203063055555336e+06 2.458203066527777817e+06 2.458203069999999832e+06 2.458203073472221848e+06 2.458203076944444329e+06
2.458203000682870392e+06 2.458203004155092407e+06 2.458203007627314888e+06 2.458203011099536903e+06 2.458203014571758918e+06 2.458203018043981399e+06 2.458203021516203415e+06 2.458203024988425896e+06 2.458203028460647911e+06 2.458203031932870392e+06 2.458203035405092407e+06 2.458203038877314888e+06 2.458203042349536903e+06 2.458203045821758918e+06 2.458203049293981399e+06 2.458203052766203415e+06 2.458203056238425896e+06 2.458203059710647911e+06 2.458203063182870392e+06 2.458203066655092407e+06 2.458203070127314888e+06 2.458203073599536903e+06 2.458203077071758918e+06 2.458203080543981399e+06
2.458203004675926175e+06 2.458203008148148190e+06 2.458203011620370671e+06 2.458203015092592686e+06 2.458203018564814702e+06 2.458203022037037183e+06 2.458203025509259198e+06 2.458203028981481679e+06 2.458203032453703694e+06 2.458203035925926175e+06 2.458203039398148190e+06 2.458203042870370671e+06 2.458203046342592686e+06 2.458203049814814702e+06 2.458203053287037183e+06 2.458203056759259198e+06 2.458203060231481679e+06 2.458203063703703694e+06 2.458203067175926175e+06 2.458203070648148190e+06 2.458203074120370671e+06 2.458203077592592686e+06 2.458203081064814702e+06 2.458203084537037183e+06
2.458203009050926194e+06 2.458203012523148209e+06 2.458203015995370690e+06 2.458203019467592705e+06 2.458203022939814720e+06 2.458203026412037201e+06 2.458203029884259216e+06 2.458203033356481697e+06 2.458203036828703713e+06 2.458203040300926194e+06 2.458203043773148209e+06 2.458203047245370690e+06 2.458203050717592705e+06 2.458203054189814720e+06 2.458203057662037201e+06 2.458203061134259216e+06 2.458203064606481697e+06 2.458203068078703713e+06 2.458203071550926194e+06 2.458203075023148209e+06 2.458203078495370690e+06 2.458203081967592705e+06 2.458203085439814720e+06 2.458203088912037201e+06
2.458203013391203713e+06 2.458203016863425728e+06 2.458203020335648209e+06 2.458203023807870224e+06 2.458203027280092239e+06 2.458203030752314720e+06 2.458203034224536736e+06 2.458203037696759216e+06 2.458203041168981232e+06 2.458203044641203713e+06 2.458203048113425728e+06 2.458203051585648209e+06 2.458203055057870224e+06 2.458203058530092239e+06 2.458203062002314720e+06 2.458203065474536736e+06 2.458203068946759216e+06 2.458203072418981232e+06 2.458203075891203713e+06 2.458203079363425728e+06 2.458203082835648209e+06 2.458203086307870224e+06 2.458203089780092239e+06 2.458203093252314720e+06
2.458203017696759198e+06 2.458203021168981213e+06 2.458203024641203694e+06 2.458203028113425709e+06 2.458203031585647725e+06 2.458203035057870205e+06 2.458203038530092221e+06 2.458203042002314702e+06 2.458203045474536717e+06 2.458203048946759198e+06 2.458203052418981213e+06 2.458203055891203694e+06 2.458203059363425709e+06 2.458203062835647725e+06 2.458203066307870205e+06 2.458203069780092221e+06 2.458203073252314702e+06 2.458203076724536717e+06 2.458203080196759198e+06 2.458203083668981213e+06 2.458203087141203694e+06 2.458203090613425709e+06 2.458203094085647725e+06 2.458203097557870205e+06
2.458203021979166660e+06 2.458203025451388676e+06 2.458203028923611157e+06 2.458203032395833172e+06 2.458203035868055187e+06 2.458203039340277668e+06 2.458203042812499683e+06 2.458203046284722164e+06 2.458203049756944180e+06 2.458203053229166660e+06 2.458203056701388676e+06 2.458203060173611157e+06 2.458203063645833172e+06 2.458203067118055187e+06 2.458203070590277668e+06 2.458203074062499683e+06 2.458203077534722164e+06 2.458203081006944180e+06 2.458203084479166660e+06 2.458203087951388676e+06 2.458203091423611157e+06 2.458203094895833172e+06 2.458203098368055187e+06 2.458203101840277668e+06
2.458203026238426100e+06 2.458203029710648116e+06 2.458203033182870597e+06 2.458203036655092612e+06 2.458203040127314627e+06 2.458203043599537108e+06 2.458203047071759123e+06 2.458203050543981604e+06 2.458203054016203620e+06 2.458203057488426100e+06 2.458203060960648116e+06 2.458203064432870597e+06 2.458203067905092612e+06 2.458203071377314627e+06 2.458203074849537108e+06 2.458203078321759123e+06 2.458203081793981604e+06 2.458203085266203620e+06 2.458203088738426100e+06 2.458203092210648116e+06 2.458203095682870597e+06 2.458203099155092612e+06 2.458203102627314627e+06 2.458203106099537108e+06
2.458203030625000130e+06 2.458203034097222146e+06 2.458203037569444627e+06 2.458203041041666642e+06 2.458203044513888657e+06 2.458203047986111138e+06 2.458203051458333153e+06 2.458203054930555634e+06 2.458203058402777649e+06 2.458203061875000130e+06 2.458203065347222146e+06 2.458203068819444627e+06 2.458203072291666642e+06 2.458203075763888657e+06 2.458203079236111138e+06 2.458203082708333153e+06 2.458203086180555634e+06 2.458203089652777649e+06 2.458203093125000130e+06 2.458203096597222146e+06 2.458203100069444627e+06 2.458203103541666642e+06 2.458203107013888657e+06 2.458203110486111138e+06
2.458203034942129627e+06 2.458203038414351642e+06 2.458203041886574123e+06 2.458203045358796138e+06 2.458203048831018154e+06 2.458203052303240635e+06 2.458203055775462650e+06 2.458203059247685131e+06 2.458203062719907146e+06 2.458203066192129627e+06 2.458203069664351642e+06 2.458203073136574123e+06 2.458203076608796138e+06 2.458203080081018154e+06 2.458203083553240635e+06 2.458203087025462650e+06 2.458203090497685131e+06 2.458203093969907146e+06 2.458203097442129627e+06 2.458203100914351642e+06 2.458203104386574123e+06 2.458203107858796138e+06 2.458203111331018154e+06 2.458203114803240635e+06
2.458203039351852145e+06 2.458203042824074160e+06 2.458203046296296641e+06 2.458203049768518656e+06 2.458203053240740672e+06 2.458203056712963153e+06 2.458203060185185168e+06 2.458203063657407649e+06 2.458203067129629664e+06 2.458203070601852145e+06 2.458203074074074160e+06 2.458203077546296641e+06 2.458203081018518656e+06 2.458203084490740672e+06 2.458203087962963153e+06 2.458203091435185168e+06 2.458203094907407649e+06 2.458203098379629664e+06 2.458203101851852145e+06 2.458203105324074160e+06 2.458203108796296641e+06 2.458203112268518656e+06 2.458203115740740672e+06 2.458203119212963153e+06
2.458203043159722351e+06 2.458203046631944366e+06 2.458203050104166847e+06 2.458203053576388862e+06 2.458203057048610877e+06 2.458203060520833358e+06 2.458203063993055373e+06 2.458203067465277854e+06 2.458203070937499870e+06 2.458203074409722351e+06 2.458203077881944366e+06 2.458203081354166847e+06 2.458203084826388862e+06 2.458203088298610877e+06 2.458203091770833358e+06 2.458203095243055373e+06 2.458203098715277854e+06 2.458203102187499870e+06 2.458203105659722351e+06 2.458203109131944366e+06 2.458203112604166847e+06 2.458203116076388862e+06 2.458203119548610877e+06 2.458203123020833358e+06
2.458203047384259291e+06 2.458203050856481306e+06 2.458203054328703787e+06 2.458203057800925802e+06 2.458203061273147818e+06 2.458203064745370299e+06 2.458203068217592314e+06 2.458203071689814795e+06 2.458203075162036810e+06 2.458203078634259291e+06 2.458203082106481306e+06 2.458203085578703787e+06 2.458203089050925802e+06 2.458203092523147818e+06 2.458203095995370299e+06 2.458203099467592314e+06 2.458203102939814795e+06 2.458203106412036810e+06 2.458203109884259291e+06 2.458203113356481306e+06 2.458203116828703787e+06 2.458203120300925802e+06 2.458203123773147818e+06 2.458203127245370299e+06
2.458203051840277854e+06 2.458203055312499870e+06 2.458203058784722351e+06 2.458203062256944366e+06 2.458203065729166381e+06 2.458203069201388862e+06 2.458203072673610877e+06 2.458203076145833358e+06 2.458203079618055373e+06 2.458203083090277854e+06 2.458203086562499870e+06 2.458203090034722351e+06 2.458203093506944366e+06 2.458203096979166381e+06 2.458203100451388862e+06 2.458203103923610877e+06 2.458203107395833358e+06 2.458203110868055373e+06 2.458203114340277854e+06 2.458203117812499870e+06 2.458203121284722351e+06 2.458203124756944366e+06 2.458203128229166381e+06 2.458203131701388862e+06
2.458203055925926194e+06 2.458203059398148209e+06 2.458203062870370690e+06 2.458203066342592705e+06 2.458203069814814720e+06 2.458203073287037201e+06 2.458203076759259216e+06 2.458203080231481697e+06 2.458203083703703713e+06 2.458203087175926194e+06 2.458203090648148209e+06 2.458203094120370690e+06 2.458203097592592705e+06 2.458203101064814720e+06 2.458203104537037201e+06 2.458203108009259216e+06 2.458203111481481697e+06 2.458203114953703713e+06 2.458203118425926194e+06 2.458203121898148209e+06 2.458203125370370690e+06 2.458203128842592705e+06 2.458203132314814720e+06 2.458203135787037201e+06
2.458203060000000056e+06 2.458203063472222071e+06 2.458203066944444552e+06 2.458203070416666567e+06 2.458203073888888583e+06 2.458203077361111064e+06 2.458203080833333079e+06 2.458203084305555560e+06 2.458203087777777575e+06 2.458203091250000056e+06 2.458203094722222071e+06 2.458203098194444552e+06 2.458203101666666567e+06 2.458203105138888583e+06 2.458203108611111064e+06 2.458203112083333079e+06 2.458203115555555560e+06 2.458203119027777575e+06 2.458203122500000056e+06 2.458203125972222071e+06 2.458203129444444552e+06 2.458203132916666567e+06 2.458203136388888583e+06 2.458203139861111064e+06
2.458203064062500373e+06 2.458203067534722388e+06 2.458203071006944869e+06 2.458203074479166884e+06 2.458203077951388899e+06 2.458203081423611380e+06 2.458203084895833395e+06 2.458203088368055876e+06 2.458203091840277892e+06 2.458203095312500373e+06 2.458203098784722388e+06 2.458203102256944869e+06 2.458203105729166884e+06 2.458203109201388899e+06 2.458203112673611380e+06 2.458203116145833395e+06 2.458203119618055876e+06 2.458203123090277892e+06 2.458203126562500373e+06 2.458203130034722388e+06 2.458203133506944869e+06 2.458203136979166884e+06 2.458203140451388899e+06 2.458203143923611380e+06
2.458203068125000224e+06 2.458203071597222239e+06 2.458203075069444720e+06 2.458203078541666735e+06 2.458203082013888750e+06 2.458203085486111231e+06 2.458203088958333246e+06 2.458203092430555727e+06 2.458203095902777743e+06 2.458203099375000224e+06 2.458203102847222239e+06 2.458203106319444720e+06 2.458203109791666735e+06 2.458203113263888750e+06 2.458203116736111231e+06 2.458203120208333246e+06 2.458203123680555727e+06 2.458203127152777743e+06 2.458203130625000224e+06 2.458203134097222239e+06 2.458203137569444720e+06 2.458203141041666735e+06 2.458203144513888750e+06 2.458203147986111231e+06
2.458203075277777854e+06 2.458203078749999870e+06 2.458203082222222351e+06 2.458203085694444366e+06 2.458203089166666381e+06 2.458203092638888862e+06 2.458203096111110877e+06 2.458203099583333358e+06 2.458203103055555373e+06 2.458203106527777854e+06 2.458203109999999870e+06 2.458203113472222351e+06 2.458203116944444366e+06 2.458203120416666381e+06 2.458203123888888862e+06 2.458203127361110877e+06 2.458203130833333358e+06 2.458203134305555373e+06 2.458203137777777854e+06 2.458203141249999870e+06 2.458203144722222351e+06 2.458203148194444366e+06 2.458203151666666381e+06 2.458203155138888862e+06
2.458203079375000205e+06 2.458203082847222220e+06 2.458203086319444701e+06 2.458203089791666716e+06 2.458203093263888732e+06 2.458203096736111213e+06 2.458203100208333228e+06 2.458203103680555709e+06 2.458203107152777724e+06 2.458203110625000205e+06 2.458203114097222220e+06 2.458203117569444701e+06 2.458203121041666716e+06 2.458203124513888732e+06 2.458203127986111213e+06 2.458203131458333228e+06 2.458203134930555709e+06 2.458203138402777724e+06 2.458203141875000205e+06 2.458203145347222220e+06 2.458203148819444701e+06 2.458203152291666716e+06 2.458203155763888732e+06 2.458203159236111213e+06
2.458203083449074067e+06 2.458203086921296082e+06 2.458203090393518563e+06 2.458203093865740579e+06 2.458203097337962594e+06 2.458203100810185075e+06 2.458203104282407090e+06 2.458203107754629571e+06 2.458203111226851586e+06 2.458203114699074067e+06 2.458203118171296082e+06 2.458203121643518563e+06 2.458203125115740579e+06 2.458203128587962594e+06 2.458203132060185075e+06 2.458203135532407090e+06 2.458203139004629571e+06 2.458203142476851586e+06 2.458203145949074067e+06 2.458203149421296082e+06 2.458203152893518563e+06 2.458203156365740579e+06 2.458203159837962594e+06 2.458203163310185075e+06
2.458203087511574384e+06 2.458203090983796399e+06 2.458203094456018880e+06 2.458203097928240895e+06 2.458203101400462911e+06 2.458203104872685391e+06 2.458203108344907407e+06 2.458203111817129888e+06 2.458203115289351903e+06 2.458203118761574384e+06 2.458203122233796399e+06 2.458203125706018880e+06 2.458203129178240895e+06 2.458203132650462911e+06 2.458203136122685391e+06 2.458203139594907407e+06 2.458203143067129888e+06 2.458203146539351903e+06 2.458203150011574384e+06 2.458203153483796399e+06 2.458203156956018880e+06 2.458203160428240895e+06 2.458203163900462911e+06 2.458203167372685391e+06
2.458203091562500224e+06 2.458203095034722239e+06 2.458203098506944720e+06 2.458203101979166735e+06 2.458203105451388750e+06 2.458203108923611231e+06 2.458203112395833246e+06 2.458203115868055727e+06 2.458203119340277743e+06 2.458203122812500224e+06 2.458203126284722239e+06 2.458203129756944720e+06 2.458203133229166735e+06 2.458203136701388750e+06 2.458203140173611231e+06 2.458203143645833246e+06 2.458203147118055727e+06 2.458203150590277743e+06 2.458203154062500224e+06 2.458203157534722239e+06 2.458203161006944720e+06 2.458203164479166735e+06 2.458203167951388750e+06 2.458203171423611231e+06
2.458203095891203731e+06 2.458203099363425747e+06 2.458203102835648227e+06 2.458203106307870243e+06 2.458203109780092258e+06 2.458203113252314739e+06 2.458203116724536754e+06 2.458203120196759235e+06 2.458203123668981250e+06 2.458203127141203731e+06 2.458203130613425747e+06 2.458203134085648227e+06 2.458203137557870243e+06 2.458203141030092258e+06 2.458203144502314739e+06 2.458203147974536754e+06 2.458203151446759235e+06 2.458203154918981250e+06 2.458203158391203731e+06 2.458203161863425747e+06 2.458203165335648227e+06 2.458203168807870243e+06 2.458203172280092258e+06 2.458203175752314739e+06
2.458203099490740802e+06 2.458203102962962817e+06 2.458203106435185298e+06 2.458203109907407314e+06 2.458203113379629329e+06 2.458203116851851810e+06 2.458203120324073825e+06 2.458203123796296306e+06 2.458203127268518321e+06 2.458203130740740802e+06 2.458203134212962817e+06 2.458203137685185298e+06 2.458203141157407314e+06 2.458203144629629329e+06 2.458203148101851810e+06 2.458203151574073825e+06 2.458203155046296306e+06 2.458203158518518321e+06 2.458203161990740802e+06 2.458203165462962817e+06 2.458203168935185298e+06 2.458203172407407314e+06 2.458203175879629329e+06 2.458203179351851810e+06
2.458203103356481530e+06 2.458203106828703545e+06 2.458203110300926026e+06 2.458203113773148041e+06 2.458203117245370056e+06 2.458203120717592537e+06 2.458203124189814553e+06 2.458203127662037034e+06 2.458203131134259049e+06 2.458203134606481530e+06 2.458203138078703545e+06 2.458203141550926026e+06 2.458203145023148041e+06 2.458203148495370056e+06 2.458203151967592537e+06 2.458203155439814553e+06 2.458203158912037034e+06 2.458203162384259049e+06 2.458203165856481530e+06 2.458203169328703545e+06 2.458203172800926026e+06 2.458203176273148041e+06 2.458203179745370056e+06 2.458203183217592537e+06
2.458203107199074235e+06 2.458203110671296250e+06 2.458203114143518731e+06 2.458203117615740746e+06 2.458203121087962762e+06 2.458203124560185242e+06 2.458203128032407258e+06 2.458203131504629739e+06 2.458203134976851754e+06 2.458203138449074235e+06 2.458203141921296250e+06 2.458203145393518731e+06 2.458203148865740746e+06 2.458203152337962762e+06 2.458203155810185242e+06 2.458203159282407258e+06 2.458203162754629739e+06 2.458203166226851754e+06 2.458203169699074235e+06 2.458203173171296250e+06 2.458203176643518731e+06 2.458203180115740746e+06 2.458203183587962762e+06 2.458203187060185242e+06
2.458203111041666940e+06 2.458203114513888955e+06 2.458203117986111436e+06 2.458203121458333451e+06 2.458203124930555467e+06 2.458203128402777947e+06 2.458203131874999963e+06 2.458203135347222444e+06 2.458203138819444459e+06 2.458203142291666940e+06 2.458203145763888955e+06 2.458203149236111436e+06 2.458203152708333451e+06 2.458203156180555467e+06 2.458203159652777947e+06 2.458203163124999963e+06 2.458203166597222444e+06 2.458203170069444459e+06 2.458203173541666940e+06 2.458203177013888955e+06 2.458203180486111436e+06 2.458203183958333451e+06 2.458203187430555467e+06 2.458203190902777947e+06
2.458203114884259645e+06 2.458203118356481660e+06 2.458203121828704141e+06 2.458203125300926156e+06 2.458203128773148172e+06 2.458203132245370653e+06 2.458203135717592668e+06 2.458203139189815149e+06 2.458203142662037164e+06 2.458203146134259645e+06 2.458203149606481660e+06 2.458203153078704141e+06 2.458203156550926156e+06 2.458203160023148172e+06 2.458203163495370653e+06 2.458203166967592668e+06 2.458203170439815149e+06 2.458203173912037164e+06 2.458203177384259645e+06 2.458203180856481660e+06 2.458203184328704141e+06 2.458203187800926156e+06 2.458203191273148172e+06 2.458203194745370653e+06
2.458203118726851884e+06 2.458203122199073900e+06 2.458203125671296380e+06 2.458203129143518396e+06 2.458203132615740411e+06 2.458203136087962892e+06 2.458203139560184907e+06 2.458203143032407388e+06 2.458203146504629403e+06 2.458203149976851884e+06 2.458203153449073900e+06 2.458203156921296380e+06 2.458203160393518396e+06 2.458203163865740411e+06 2.458203167337962892e+06 2.458203170810184907e+06 2.458203174282407388e+06 2.458203177754629403e+06 2.458203181226851884e+06 2.458203184699073900e+06 2.458203188171296380e+06 2.458203191643518396e+06 2.458203195115740411e+06 2.458203198587962892e+06
2.458203120381944813e+06 2.458203123854166828e+06 2.458203127326389309e+06 2.458203130798611324e+06 2.458203134270833340e+06 2.458203137743055820e+06 2.458203141215277836e+06 2.458203144687500317e+06 2.458203148159722332e+06 2.458203151631944813e+06 2.458203155104166828e+06 2.458203158576389309e+06 2.458203162048611324e+06 2.458203165520833340e+06 2.458203168993055820e+06 2.458203172465277836e+06 2.458203175937500317e+06 2.458203179409722332e+06 2.458203182881944813e+06 2.458203186354166828e+06 2.458203189826389309e+06 2.458203193298611324e+06 2.458203196770833340e+06 2.458203200243055820e+06
2.458203124351852108e+06 2.458203127824074123e+06 2.458203131296296604e+06 2.458203134768518619e+06 2.458203138240740635e+06 2.458203141712963115e+06 2.458203145185185131e+06 2.458203148657407612e+06 2.458203152129629627e+06 2.458203155601852108e+06 2.458203159074074123e+06 2.458203162546296604e+06 2.458203166018518619e+06 2.458203169490740635e+06 2.458203172962963115e+06 2.458203176435185131e+06 2.458203179907407612e+06 2.458203183379629627e+06 2.458203186851852108e+06 2.458203190324074123e+06 2.458203193796296604e+06 2.458203197268518619e+06 2.458203200740740635e+06 2.458203204212963115e+06
2.458203128078703769e+06 2.458203131550925784e+06 2.458203135023148265e+06 2.458203138495370280e+06 2.458203141967592295e+06 2.458203145439814776e+06 2.458203148912036791e+06 2.458203152384259272e+06 2.458203155856481288e+06 2.458203159328703769e+06 2.458203162800925784e+06 2.458203166273148265e+06 2.458203169745370280e+06 2.458203173217592295e+06 2.458203176689814776e+06 2.458203180162036791e+06 2.458203183634259272e+06 2.458203187106481288e+06 2.458203190578703769e+06 2.458203194050925784e+06 2.458203197523148265e+06 2.458203200995370280e+06 2.458203204467592295e+06 2.458203207939814776e+06
2.458203135520833544e+06 2.458203138993055560e+06 2.458203142465278041e+06 2.458203145937500056e+06 2.458203149409722071e+06 2.458203152881944552e+06 2.458203156354166567e+06 2.458203159826389048e+06 2.458203163298611064e+06 2.458203166770833544e+06 2.458203170243055560e+06 2.458203173715278041e+06 2.458203177187500056e+06 2.458203180659722071e+06 2.458203184131944552e+06 2.458203187604166567e+06 2.458203191076389048e+06 2.458203194548611064e+06 2.458203198020833544e+06 2.458203201493055560e+06 2.458203204965278041e+06 2.458203208437500056e+06 2.458203211909722071e+06 2.458203215381944552e+06
2.458203139571759384e+06 2.458203143043981399e+06 2.458203146516203880e+06 2.458203149988425896e+06 2.458203153460647911e+06 2.458203156932870392e+06 2.458203160405092407e+06 2.458203163877314888e+06 2.458203167349536903e+06 2.458203170821759384e+06 2.458203174293981399e+06 2.458203177766203880e+06 2.458203181238425896e+06 2.458203184710647911e+06 2.458203188182870392e+06 2.458203191655092407e+06 2.458203195127314888e+06 2.458203198599536903e+06 2.458203202071759384e+06 2.458203205543981399e+06 2.458203209016203880e+06 2.458203212488425896e+06 2.458203215960647911e+06 2.458203219432870392e+06
2.458203143148148432e+06 2.458203146620370448e+06 2.458203150092592929e+06 2.458203153564814944e+06 2.458203157037036959e+06 2.458203160509259440e+06 2.458203163981481455e+06 2.458203167453703936e+06 2.458203170925925951e+06 2.458203174398148432e+06 2.458203177870370448e+06 2.458203181342592929e+06 2.458203184814814944e+06 2.458203188287036959e+06 2.458203191759259440e+06 2.458203195231481455e+06 2.458203198703703936e+06 2.458203202175925951e+06 2.458203205648148432e+06 2.458203209120370448e+06 2.458203212592592929e+06 2.458203216064814944e+06 2.458203219537036959e+06 2.458203223009259440e+06
2.458203147025463171e+06 2.458203150497685187e+06 2.458203153969907667e+06 2.458203157442129683e+06 2.458203160914351698e+06 2.458203164386574179e+06 2.458203167858796194e+06 2.458203171331018675e+06 2.458203174803240690e+06 2.458203178275463171e+06 2.458203181747685187e+06 2.458203185219907667e+06 2.458203188692129683e+06 2.458203192164351698e+06 2.458203195636574179e+06 2.458203199108796194e+06 2.458203202581018675e+06 2.458203206053240690e+06 2.458203209525463171e+06 2.458203212997685187e+06 2.458203216469907667e+06 2.458203219942129683e+06 2.458203223414351698e+06 2.458203226886574179e+06
2.458203150601852220e+06 2.458203154074074235e+06 2.458203157546296716e+06 2.458203161018518731e+06 2.458203164490740746e+06 2.458203167962963227e+06 2.458203171435185242e+06 2.458203174907407723e+06 2.458203178379629739e+06 2.458203181851852220e+06 2.458203185324074235e+06 2.458203188796296716e+06 2.458203192268518731e+06 2.458203195740740746e+06 2.458203199212963227e+06 2.458203202685185242e+06 2.458203206157407723e+06 2.458203209629629739e+06 2.458203213101852220e+06 2.458203216574074235e+06 2.458203220046296716e+06 2.458203223518518731e+06 2.458203226990740746e+06 2.458203230462963227e+06
2.458203154513888992e+06 2.458203157986111008e+06 2.458203161458333489e+06 2.458203164930555504e+06 2.458203168402777519e+06 2.458203171875000000e+06 2.458203175347222015e+06 2.458203178819444496e+06 2.458203182291666511e+06 2.458203185763888992e+06 2.458203189236111008e+06 2.458203192708333489e+06 2.458203196180555504e+06 2.458203199652777519e+06 2.458203203125000000e+06 2.458203206597222015e+06 2.458203210069444496e+06 2.458203213541666511e+06 2.458203217013888992e+06 2.458203220486111008e+06 2.458203223958333489e+06 2.458203227430555504e+06 2.458203230902777519e+06 2.458203234375000000e+06
2.458203158113426063e+06 2.458203161585648078e+06 2.458203165057870559e+06 2.458203168530092575e+06 2.458203172002314590e+06 2.458203175474537071e+06 2.458203178946759086e+06 2.458203182418981567e+06 2.458203185891203582e+06 2.458203189363426063e+06 2.458203192835648078e+06 2.458203196307870559e+06 2.458203199780092575e+06 2.458203203252314590e+06 2.458203206724537071e+06 2.458203210196759086e+06 2.458203213668981567e+06 2.458203217141203582e+06 2.458203220613426063e+06 2.458203224085648078e+06 2.458203227557870559e+06 2.458203231030092575e+06 2.458203234502314590e+06 2.458203237974537071e+06
0.000000000000000000e+00 0.000000000000000000e+00 0.000000000000000000e+00 0.000000000000000000e+00 0.000000000000000000e+00 0.000000000000000000e+00 0.000000000000000000e+00 0.000000000000000000e+00 0.000000000000000000e+00 0.000000000000000000e+00 0.000000000000000000e+00 0.000000000000000000e+00 0.000000000000000000e+00 0.000000000000000000e+00 0.000000000000000000e+00 0.000000000000000000e+00 0.000000000000000000e+00 0.000000000000000000e+00 0.000000000000000000e+00 0.000000000000000000e+00 0.000000000000000000e+00 0.000000000000000000e+00 0.000000000000000000e+00 0.000000000000000000e+00
2.458203131921296474e+06 2.458203135393518489e+06 2.458203138865740970e+06 2.458203142337962985e+06 2.458203145810185000e+06 2.458203149282407481e+06 2.458203152754629496e+06 2.458203156226851977e+06 2.458203159699073993e+06 2.458203163171296474e+06 2.458203166643518489e+06 2.458203170115740970e+06 2.458203173587962985e+06 2.458203177060185000e+06 2.458203180532407481e+06 2.458203184004629496e+06 2.458203187476851977e+06 2.458203190949073993e+06 2.458203194421296474e+06 2.458203197893518489e+06 2.458203201365740970e+06 2.458203204837962985e+06 2.458203208310185000e+06 2.458203211782407481e+06
