-1.422202027935341208e-02 -1.395850774890493827e-02 -1.368977697948129367e-02 -1.341595482406517624e-02 -1.313717486024731235e-02 -1.285356752005378973e-02 -1.256527094956830931e-02 -1.227242143943044032e-02 -1.197516010765249835e-02 -1.167362914370229099e-02 -1.136797231429822162e-02 -1.105833547951525116e-02 -1.074486850180152685e-02 -1.042772017422854622e-02 -1.010704136215059487e-02 -9.782987429148459757e-03 -9.455712598555311016e-03 -9.125372914375278269e-03 -8.792127241448892405e-03 -8.456134529855528076e-03 -8.117555727788354145e-03 -7.776553074712273111e-03 -7.433289132020448435e-03
-1.410146068272978732e-02 -1.383553221949859920e-02 -1.356444317596713738e-02 -1.328832367201910475e-02 -1.300730650954827310e-02 -1.272152561858583969e-02 -1.243111688560360334e-02 -1.213622074577963734e-02 -1.183697761301099813e-02 -1.153353037979872736e-02 -1.122602466262292986e-02 -1.091460768820500492e-02 -1.059942815570589711e-02 -1.028063696684759602e-02 -9.958386813885078750e-03 -9.632831586471579319e-03 -9.304127424824061923e-03 -8.972430897652847875e-03 -8.637902119471818976e-03 -8.300699568012555318e-03 -7.960985772602874322e-03 -7.618922813353848876e-03 -7.274674361539845875e-03
-1.318111791993130735e-02 -1.342434483062879963e-02 -1.366015397542637462e-02 -1.388843322370336003e-02 -1.410907176003533062e-02 -1.432196609055399854e-02 -1.452701273360354831e-02 -1.472411469348988179e-02 -1.491317692233304001e-02 -1.509410995826412742e-02 -1.526682631682729600e-02 -1.543124338692174885e-02 -1.558728379922125033e-02 -1.573487116044454404e-02 -1.587393658018085296e-02 -1.600441278031682416e-02 -1.612623641744815456e-02 -1.623935161185634593e-02 -1.634370202943275299e-02 -1.643923854774060819e-02 -1.652591626104286948e-02 -1.660369260897483559e-02 -1.667253117013349842e-02
-1.631783552917022428e-02 -1.642669127869532397e-02 -1.652728488476484445e-02 -1.661956402887251882e-02 -1.670348806781802448e-02 -1.677901623727812846e-02 -1.684611204319162378e-02 -1.690474300976581648e-02 -1.695488144660834556e-02 -1.699650403836999724e-02 -1.702959014136404964e-02 -1.705412447296636436e-02 -1.707009485624961381e-02 -1.707749418427284213e-02 -1.707631867708213000e-02 -1.706656916015465014e-02 -1.704824990857933126e-02 -1.702137085581486090e-02 -1.698594335781682813e-02 -1.694198536494928575e-02 -1.688951795837491041e-02 -1.682856627409842071e-02 -1.675915918246544470e-02
-1.627581558553949093e-02 -1.639792089468360484e-02 -1.651166642062456766e-02 -1.661699541858198403e-02 -1.671385969584111494e-02 -1.680221139172292585e-02 -1.688201023103137050e-02 -1.695321598763799634e-02 -1.701579606692210644e-02 -1.706971963856129121e-02 -1.711496136320635186e-02 -1.715150000970186092e-02 -1.717931693190959119e-02 -1.719840124599944509e-02 -1.720874123256974780e-02 -1.721033387703705536e-02 -1.720317664991615272e-02 -1.718727496676222821e-02 -1.716263583174061982e-02 -1.712927044660636847e-02 -1.708719533042291419e-02 -1.703643088413282422e-02 -1.697700109238582666e-02
-1.660327057228515313e-02 -1.668872921140606910e-02 -1.676579996516932777e-02 -1.683444372306934153e-02 -1.689462894897466108e-02 -1.694632649378137804e-02 -1.698951152752901927e-02 -1.702416430552660190e-02 -1.705026705200797521e-02 -1.706780871320847173e-02 -1.707677925154430995e-02 -1.707717628582318750e-02 -1.706899827089777139e-02 -1.705224986976920654e-02 -1.702693905256105061e-02 -1.699307687173781667e-02 -1.695068243612688277e-02 -1.689977326937021004e-02 -1.684037442588073169e-02 -1.677251524412187375e-02 -1.669622781529808003e-02 -1.661154821626747297e-02 -1.651851775283196336e-02
-1.659694778806100265e-02 -1.669548024437328762e-02 -1.678551054324563599e-02 -1.686699402422951050e-02 -1.693989271115301995e-02 -1.700417126018877179e-02 -1.705979948835607482e-02 -1.710675080669536371e-02 -1.714500251684033041e-02 -1.717453606829051627e-02 -1.719533848484498112e-02 -1.720739857009667348e-02 -1.721071184659608150e-02 -1.720527542844487237e-02 -1.719109268760996012e-02 -1.716817126315018857e-02 -1.713652081353972054e-02 -1.709615699052193655e-02 -1.704709984748848869e-02 -1.698937217999382104e-02 -1.692300175499668324e-02 -1.684802056806063153e-02 -1.676446437382317356e-02
-1.537145840554988291e-02 -1.552734584959261643e-02 -1.567492564317816972e-02 -1.581412541567368824e-02 -1.594487920943916948e-02 -1.606712420961689536e-02 -1.618080368069837321e-02 -1.628586103517305067e-02 -1.638224695989234578e-02 -1.646991585267254532e-02 -1.654882539751896531e-02 -1.661893740866800251e-02 -1.668021926676512001e-02 -1.673264143565455012e-02 -1.677617825130887572e-02 -1.681080941072513393e-02 -1.683651929154147617e-02 -1.685329398842273438e-02 -1.686112633846045469e-02 -1.686001284719266732e-02 -1.684995390440106183e-02 -1.683095426510294867e-02 -1.680302347825664983e-02
-1.553290474843783443e-02 -1.568017769743756604e-02 -1.581906914729659663e-02 -1.594951243500622451e-02 -1.607144382538595179e-02 -1.618480832068683317e-02 -1.628954867611674337e-02 -1.638561590916141550e-02 -1.647296420103409181e-02 -1.655155132898998918e-02 -1.662134092185904924e-02 -1.668229794171360858e-02 -1.673439462160357383e-02 -1.677760564500677815e-02 -1.681191002571601201e-02 -1.683729187687493453e-02 -1.685373914308000223e-02 -1.686124367643689406e-02 -1.685980187104236389e-02 -1.684941555604613575e-02 -1.683008755883136712e-02 -1.680182973919549724e-02 -1.676465431249457919e-02
-1.760234414717514601e-02 -1.763499637207232434e-02 -1.765882184309570946e-02 -1.767380836166076302e-02 -1.767995037444518996e-02 -1.767724523145195598e-02 -1.766569276975719568e-02 -1.764530047085137096e-02 -1.761607506283732055e-02 -1.757803465609632590e-02 -1.753119422005017247e-02 -1.747557781532984092e-02 -1.741121167224370450e-02 -1.733812732522038366e-02 -1.725635815493601830e-02 -1.716594503097965824e-02 -1.706693069050595202e-02 -1.695936275677225463e-02 -1.684329273639562780e-02 -1.671877458096604138e-02 -1.658587098903048160e-02 -1.644464379841899596e-02 -1.629516052079796676e-02
-1.594319164780215459e-02 -1.606555062294327471e-02 -1.617934425466001358e-02 -1.628451726323763837e-02 -1.638101945901042703e-02 -1.646880440062847492e-02 -1.654783066026998053e-02 -1.661806049540962699e-02 -1.667946082532450330e-02 -1.673200086143128082e-02 -1.677565611089289893e-02 -1.681040649225312017e-02 -1.683623482727199944e-02 -1.685312934531943418e-02 -1.686108062890930015e-02 -1.686008651499685401e-02 -1.685014694957429060e-02 -1.683126664930505514e-02 -1.680345442513909993e-02 -1.676672477719867368e-02 -1.672109314334516844e-02 -1.666658406443086160e-02 -1.660322197039694470e-02
-1.713887818358991386e-02 -1.716995349146971037e-02 -1.719229888711909862e-02 -1.720590391227789714e-02 -1.721076279229325975e-02 -1.720687180084152362e-02 -1.719423457724433488e-02 -1.717285590958782943e-02 -1.714274610749838557e-02 -1.710392147447776720e-02 -1.705639789968689188e-02 -1.700019985496064451e-02 -1.693535420541778663e-02 -1.686189226376317088e-02 -1.677984788477028186e-02 -1.668926108408631814e-02 -1.659017722778467416e-02 -1.648264042273582530e-02 -1.636670369491938920e-02 -1.624242413621136347e-02 -1.610985842038857932e-02 -1.596907234909163836e-02 -1.582013210247906407e-02
-1.717092678918002643e-02 -1.719295226928808581e-02 -1.720623652689141567e-02 -1.721077441986560916e-02 -1.720656328366961668e-02 -1.719360493758366817e-02 -1.717190591017315679e-02 -1.714147674916344233e-02 -1.710233177261244811e-02 -1.705449059313022750e-02 -1.699797467126025474e-02 -1.693281266583242239e-02 -1.685903545949902702e-02 -1.677667658749486257e-02 -1.668577852403587899e-02 -1.658638244230152547e-02 -1.647853764961604642e-02 -1.636229430139869712e-02 -1.623770913358491344e-02 -1.610484085815015037e-02 -1.596375450923668074e-02 -1.581451727518791775e-02 -1.565719888981123575e-02
-1.767382722239315210e-02 -1.765885519931536390e-02 -1.763504644367494892e-02 -1.760241115826370259e-02 -1.756096488857330704e-02 -1.751072845719114923e-02 -1.745172574195866591e-02 -1.738398431443492417e-02 -1.730753743520217422e-02 -1.722242147877775867e-02 -1.712867688824686041e-02 -1.702634926626356640e-02 -1.691548741606922410e-02 -1.679614397042304003e-02 -1.666837694376113038e-02 -1.653224614754289848e-02 -1.638781839928809062e-02 -1.623516253211056831e-02 -1.607435053400753031e-02 -1.590546027747346755e-02 -1.572857267553845820e-02 -1.554377296991943033e-02 -1.535114821624478099e-02
-1.952696859962641668e-02 -1.952794452006017742e-02 -1.951901513839236421e-02 -1.950018413626585304e-02 -1.947146217200299012e-02 -1.943286107363623866e-02 -1.938440058469790075e-02 -1.932610376327120391e-02 -1.925799861483460870e-02 -1.918011812002219305e-02 -1.909249812357534729e-02 -1.899518283900909765e-02 -1.888821761676647698e-02 -1.877165353482221355e-02 -1.864554696160475658e-02 -1.850995886745068070e-02 -1.836495335835229559e-02 -1.821059976005411432e-02 -1.804697267379475750e-02 -1.787414935703935531e-02 -1.769221444251370054e-02 -1.750125415500302511e-02 -1.730135932474329702e-02
-1.761950342247028609e-02 -1.758237381754825315e-02 -1.753644118698643312e-02 -1.748173040914724474e-02 -1.741826768918645907e-02 -1.734608178031777498e-02 -1.726520929064225690e-02 -1.717568701694516600e-02 -1.707755942021897677e-02 -1.697087252067203816e-02 -1.685567909452957008e-02 -1.673203126049920691e-02 -1.659999102321035869e-02 -1.645962078716171548e-02 -1.631098752893213669e-02 -1.615416256250470570e-02 -1.598922116191679038e-02 -1.581624190987604081e-02 -1.563530789158497705e-02 -1.544650630715799222e-02 -1.524992670443000610e-02 -1.504566316353937554e-02 -1.483381473002181976e-02
-1.951102395569959819e-02 -1.948734579377132611e-02 -1.945378117959050551e-02 -1.941034579323036580e-02 -1.935706250694793629e-02 -1.929395597239699431e-02 -1.922105642994609981e-02 -1.913839861682156349e-02 -1.904602239287655346e-02 -1.894397239179444054e-02 -1.883229767003119504e-02 -1.871105007420499275e-02 -1.858028992613788496e-02 -1.844007829844678675e-02 -1.829048340830782132e-02 -1.813157617337123745e-02 -1.796343359453347194e-02 -1.778613474799067840e-02 -1.759976621746768208e-02 -1.740441592308668989e-02 -1.720017845864661027e-02 -1.698715088866864509e-02 -1.676543603441024363e-02
-1.751163776653147028e-02 -1.745278061165804126e-02 -1.738518518856729464e-02 -1.730888219691063129e-02 -1.722391072021361297e-02 -1.713031008427788257e-02 -1.702812477335951397e-02 -1.691740455435655419e-02 -1.679820245301433604e-02 -1.667057499606878004e-02 -1.653458332519245830e-02 -1.639029337156983415e-02 -1.623777348198205545e-02 -1.607709694179376703e-02 -1.590834122447848387e-02 -1.573158606454107961e-02 -1.554691716548049600e-02 -1.535442243949156765e-02 -1.515419404871129298e-02 -1.494632743421806485e-02 -1.473092341900986146e-02 -1.450808427252481443e-02 -1.427791659209082242e-02
-1.943502562039960829e-02 -1.938705772914444889e-02 -1.932925128719502339e-02 -1.926163665977942419e-02 -1.918424316371492716e-02 -1.909711024783508279e-02 -1.900027801484965514e-02 -1.889379418154054496e-02 -1.877770893956350398e-02 -1.865207854527029668e-02 -1.851696219044587574e-02 -1.837242620366122403e-02 -1.821853813412427706e-02 -1.805537304288964626e-02 -1.788300786798645639e-02 -1.770152638732205505e-02 -1.751101491848070651e-02 -1.731156475642208620e-02 -1.710327155571576829e-02 -1.688623503522918359e-02 -1.666055794848306584e-02 -1.642635110386498135e-02 -1.618372398784170482e-02
-1.912820915992262047e-02 -1.909849805557105665e-02 -1.905894233207938021e-02 -1.900956492646477952e-02 -1.895038560690507148e-02 -1.888143551816067259e-02 -1.880274534222350566e-02 -1.871435536263621469e-02 -1.861630566518722094e-02 -1.850864509237838337e-02 -1.839142426404080308e-02 -1.826469922959889081e-02 -1.812853137581571863e-02 -1.798298532775683550e-02 -1.782813111567920633e-02 -1.766404323223006237e-02 -1.749079931646552177e-02 -1.730848313454383045e-02 -1.711718190289650970e-02 -1.691698734943238025e-02 -1.670799513913925893e-02 -1.649030541724216120e-02 -1.626402189440158755e-02
-1.700601051474760067e-02 -1.694199934408190111e-02 -1.686936892366334984e-02 -1.678815193378643475e-02 -1.669839034452512416e-02 -1.660012460159647832e-02 -1.649340302265690436e-02 -1.637827686413106942e-02 -1.625480032731510538e-02 -1.612303275509997455e-02 -1.598303891011660510e-02 -1.583488376308645612e-02 -1.567863898917065332e-02 -1.551437965037805004e-02 -1.534218454699421731e-02 -1.516213526955156703e-02 -1.497431943587525759e-02 -1.477882526445558481e-02 -1.457574815974072881e-02 -1.436518365044092867e-02 -1.414723491123960966e-02 -1.392200311403248188e-02 -1.368959751981326141e-02
-1.920237378794514838e-02 -1.911741248618900602e-02 -1.902274303332992730e-02 -1.891841032598398295e-02 -1.880446410972426777e-02 -1.868096120998307547e-02 -1.854795769716593296e-02 -1.840551902832651340e-02 -1.825371406434206714e-02 -1.809261343485939547e-02 -1.792229659245894724e-02 -1.774284375718253315e-02 -1.755434069067748210e-02 -1.735687933163515204e-02 -1.715055231321329851e-02 -1.693545888566150640e-02 -1.671170360352171314e-02 -1.647939105127832829e-02 -1.623863530664360413e-02 -1.598954919136558184e-02 -1.573225340355046895e-02 -1.546687065066195549e-02 -1.519352884867910917e-02
-1.897462907510509555e-02 -1.890948644022640707e-02 -1.883459055460697668e-02 -1.874997863233626369e-02 -1.865569131350557422e-02 -1.855177293779796885e-02 -1.843827432481390943e-02 -1.831524821972814118e-02 -1.818275643654663001e-02 -1.804085935467727650e-02 -1.788962714021340161e-02 -1.772913067110764435e-02 -1.755944795596343574e-02 -1.738066027514800424e-02 -1.719285272707335097e-02 -1.699611433731204602e-02 -1.679054258748844189e-02 -1.657623226147587545e-02 -1.635328772089972640e-02 -1.612181640541239178e-02 -1.588192643153094052e-02 -1.563373601569691129e-02 -1.537736285998692748e-02
-1.673682699081051328e-02 -1.664209904460153475e-02 -1.653889466599715169e-02 -1.642726418535298688e-02 -1.630725979196474829e-02 -1.617893952546150746e-02 -1.604236523481580509e-02 -1.589760214355791235e-02 -1.574471956955000862e-02 -1.558379012532829649e-02 -1.541489150271938523e-02 -1.523810501729208101e-02 -1.505351433301297878e-02 -1.486120828051736356e-02 -1.466127937645215346e-02 -1.445382221691902599e-02 -1.423893780439329168e-02 -1.401672694857830810e-02 -1.378729840954995116e-02 -1.355075989206102303e-02 -1.330722612305395951e-02 -1.305681324690459617e-02 -1.279964074170502307e-02
-1.743119007277570826e-02 -1.734521541056888161e-02 -1.725029098915462772e-02 -1.714646108683501313e-02 -1.703377611463995772e-02 -1.691229041044655865e-02 -1.678206210338746215e-02 -1.664315259606669040e-02 -1.649562947671380855e-02 -1.633956287460289203e-02 -1.617502808047147425e-02 -1.600210304427839708e-02 -1.582087134604985915e-02 -1.563141915238473040e-02 -1.543383795845511969e-02 -1.522822194663366567e-02 -1.501466942779010501e-02 -1.479328257102160114e-02 -1.456416855569600370e-02 -1.432743489185353027e-02 -1.408319716684649538e-02 -1.383157143445035327e-02 -1.357267717326335506e-02
-1.870978951139910806e-02 -1.857893434315006920e-02 -1.843862916049511178e-02 -1.828893993446760458e-02 -1.812994039309034217e-02 -1.796170550738527757e-02 -1.778431590765543538e-02 -1.759785684535607186e-02 -1.740241757295184558e-02 -1.719809135183893861e-02 -1.698497674163933907e-02 -1.676317543834690213e-02 -1.653279288521520771e-02 -1.629394034232404045e-02 -1.604673264802720239e-02 -1.579128716310553709e-02 -1.552772647802316656e-02 -1.525617732508236998e-02 -1.497676822501563428e-02 -1.468963529890825875e-02 -1.439491453397305845e-02 -1.409274646819136910e-02 -1.378327767116136263e-02
-1.683479608598511743e-02 -1.668657509381085702e-02 -1.652994003254766239e-02 -1.636496273808691476e-02 -1.619172493266938725e-02 -1.601030857368785504e-02 -1.582080088188375991e-02 -1.562329204981754982e-02 -1.541787660203003570e-02 -1.520465383865077930e-02 -1.498372516127944275e-02 -1.475519629806804935e-02 -1.451917749149483731e-02 -1.427578022576934426e-02 -1.402512229946030822e-02 -1.376732393184965098e-02 -1.350250707223825571e-02 -1.323079976074303422e-02 -1.295233276015770804e-02 -1.266723706470651231e-02 -1.237565134846956363e-02 -1.207771341282298273e-02 -1.177356805055991378e-02
-1.838829052304239917e-02 -1.823539607667318610e-02 -1.807321705444309146e-02 -1.790182910691717061e-02 -1.772131639973221692e-02 -1.753176394646441608e-02 -1.733326214366797541e-02 -1.712590821049481821e-02 -1.690979874747058562e-02 -1.668503873941884486e-02 -1.645173611320731311e-02 -1.621000182553447924e-02 -1.595995218495296214e-02 -1.570170622565416133e-02 -1.543538875469824788e-02 -1.516112588749871613e-02 -1.487905008857229316e-02 -1.458929619935423784e-02 -1.429200259474541594e-02 -1.398731152750718777e-02 -1.367536904172294947e-02 -1.335632483356079085e-02 -1.303033235806819005e-02
-1.647477948164228004e-02 -1.630698509093397863e-02 -1.613095692671630971e-02 -1.594677895969783682e-02 -1.575454112984030555e-02 -1.555433276290879747e-02 -1.534625196995121135e-02 -1.513039756964560008e-02 -1.490687255590788900e-02 -1.467578483531321171e-02 -1.443724407639301703e-02 -1.419136548211583949e-02 -1.393826639344439115e-02 -1.367806673333031575e-02 -1.341089360116074110e-02 -1.313687286662938367e-02 -1.285613679601111704e-02 -1.256881909722840085e-02 -1.227505772647253385e-02 -1.197499335658771397e-02 -1.166876984160914420e-02 -1.135653280574394283e-02 -1.103843303858553955e-02
-1.439852758523123798e-02 -1.426530586222677331e-02 -1.412471119898061310e-02 -1.397681019256885072e-02 -1.382167346383707078e-02 -1.365937646933849774e-02 -1.348999549194216697e-02 -1.331361192432347663e-02 -1.313031177234569476e-02 -1.294018067730971604e-02 -1.274331061085649114e-02 -1.253979610787738300e-02 -1.232973455499160667e-02 -1.211322544385854717e-02 -1.189037349897036251e-02 -1.166128611298285385e-02 -1.142607034061767120e-02 -1.118484225212134503e-02 -1.093771397530025717e-02 -1.068480649885773445e-02 -1.042623922982846216e-02 -1.016213678804809249e-02 -9.892625535742610374e-03
-1.590137406877370138e-02 -1.570721355968247163e-02 -1.550510824019763617e-02 -1.529515208554259494e-02 -1.507744702812688353e-02 -1.485209743183112455e-02 -1.461921020945219397e-02 -1.437889821925831743e-02 -1.413127528059030316e-02 -1.387646153824587808e-02 -1.361457662445344184e-02 -1.334574817686517978e-02 -1.307010385250486489e-02 -1.278777534362729278e-02 -1.249889893274288774e-02 -1.220361184555572576e-02 -1.190205606044383857e-02 -1.159437577659937560e-02 -1.128071797430778463e-02 -1.096123339572152404e-02 -1.063607489767109948e-02 -1.030539783162980928e-02 -9.969360316999884702e-03
-1.407328396425334277e-02 -1.392281780574142550e-02 -1.376514281446882849e-02 -1.360033371338565181e-02 -1.342846867442844608e-02 -1.324963231537479649e-02 -1.306390734738492251e-02 -1.287138558974443986e-02 -1.267215594387106209e-02 -1.246631690117211248e-02 -1.225396600862201958e-02 -1.203520397763816439e-02 -1.181013637977754334e-02 -1.157887025705253876e-02 -1.134151810702957106e-02 -1.109819116312141599e-02 -1.084900749829153556e-02 -1.059408637313552157e-02 -1.033354914358473528e-02 -1.006752066905880656e-02 -9.796128682754978723e-03 -9.519502268801049993e-03 -9.237775338756160429e-03
-1.543390252873866157e-02 -1.522127542772048515e-02 -1.500093304315773708e-02 -1.477298352491038420e-02 -1.453753435993214091e-02 -1.429469967992563935e-02 -1.404459357064014903e-02 -1.378733812804086752e-02 -1.352305569419629851e-02 -1.325187163941153948e-02 -1.297391790864819636e-02 -1.268932557238044122e-02 -1.239823297428052813e-02 -1.210077691629614545e-02 -1.179710250207327386e-02 -1.148735243327132956e-02 -1.117167762737796173e-02 -1.085022777504128164e-02 -1.052315611785060653e-02 -1.019062112308436775e-02 -9.852780341223913926e-03 -9.509796534300547430e-03 -9.161833373954575074e-03
-1.371044956601935073e-02 -1.354325642680405395e-02 -1.336903475040016401e-02 -1.318786939757671771e-02 -1.299984609113617393e-02 -1.280505571125601337e-02 -1.260359030080254912e-02 -1.239554787121471477e-02 -1.218102645062600631e-02 -1.196012981837375408e-02 -1.173296355510709994e-02 -1.149963608481825716e-02 -1.126025895785975374e-02 -1.101494765385313025e-02 -1.076381888129402178e-02 -1.050699283353164620e-02 -1.024459326108595990e-02 -9.976744183024296303e-03 -9.703576168937525642e-03 -9.425217075440332423e-03 -9.141802948282805666e-03 -8.853468455388405559e-03 -8.560349731932986525e-03
-1.490763053773341666e-02 -1.467656769552277973e-02 -1.443805147692316798e-02 -1.419219668582912680e-02 -1.393912213280338111e-02 -1.367894570284690185e-02 -1.341179578645613872e-02 -1.313779769500983234e-02 -1.285708321201528559e-02 -1.256978756194584643e-02 -1.227604771103824911e-02 -1.197600390096285189e-02 -1.166980052533476454e-02 -1.135758371161507511e-02 -1.103950314603772444e-02 -1.071571080838927548e-02 -1.038636208764179107e-02 -1.005161463630283372e-02 -9.711627484097835189e-03 -9.366566630655321149e-03 -9.016592959946837654e-03 -8.661877553639115573e-03 -8.302588747785130327e-03
-1.466795274846446548e-02 -1.442916613539277360e-02 -1.418304412560244566e-02 -1.392970628220661054e-02 -1.366927275015148227e-02 -1.340186973772227765e-02 -1.312762267560036236e-02 -1.284666449084913460e-02 -1.255913022774261638e-02 -1.226515628410435564e-02 -1.196488466936896852e-02 -1.165845767898828454e-02 -1.134602316013082722e-02 -1.102773079300122146e-02 -1.070373168437656689e-02 -1.037418243037516175e-02 -1.003923979156596570e-02 -9.699064267818042345e-03 -9.353819804714719535e-03 -9.003669264050356835e-03 -8.648783765359765313e-03 -8.289329654716773646e-03 -7.925481039266069408e-03
-1.526235060375869673e-02 -1.505008742695600026e-02 -1.482997378905307438e-02 -1.460211369288795698e-02 -1.436661750993155177e-02 -1.412359730612546688e-02 -1.387316947786829471e-02 -1.361545514168253056e-02 -1.335057562226894465e-02 -1.307865974781001819e-02 -1.279983534008729759e-02 -1.251423936745885840e-02 -1.222200469634235342e-02 -1.192327434212107906e-02 -1.161818956485422341e-02 -1.130689626830558812e-02 -1.098954616111243870e-02 -1.066628636850917855e-02 -1.033727713437698238e-02 -1.000267125606221254e-02 -9.662631731016729439e-03 -9.317321840668838298e-03 -8.966903260593078392e-03
-1.412792440263818672e-02 -1.387301570742167055e-02 -1.361103773552983266e-02 -1.334211759621728964e-02 -1.306638298501205941e-02 -1.278396652435127324e-02 -1.249500351365226761e-02 -1.219963209186524997e-02 -1.189799385938659568e-02 -1.159023240752879956e-02 -1.127649609507241045e-02 -1.095693528371494835e-02 -1.063170142594194699e-02 -1.030095241708535794e-02 -9.964844175000835483e-03 -9.623539901834140750e-03 -9.277201727840316339e-03 -8.925994996391172290e-03 -8.570089676222228739e-03 -8.209654150121845767e-03 -7.844861555302043779e-03 -7.475888320489638278e-03 -7.102907890993979435e-03
-1.478200960726139615e-02 -1.455251155705347514e-02 -1.431540033567890551e-02 -1.407079035312864580e-02 -1.381879842245086094e-02 -1.355954371160950425e-02 -1.329315290025222425e-02 -1.301975256726640127e-02 -1.273947189696245444e-02 -1.245244826950236625e-02 -1.215881582955547803e-02 -1.185871786234771880e-02 -1.155229592408850252e-02 -1.123969836120878446e-02 -1.092107459063925215e-02 -1.059657488043308331e-02 -1.026635854988496542e-02 -9.930580209153839696e-03 -9.589402817362287570e-03 -9.242988001576810456e-03 -8.891502792764058305e-03 -8.535115437714306877e-03 -8.173996048310901499e-03
-1.355424628572207864e-02 -1.328386121561630183e-02 -1.300669028751125396e-02 -1.272286572931903906e-02 -1.243252434006317936e-02 -1.213580359069239833e-02 -1.183284666870034266e-02 -1.152379801837344168e-02 -1.120880714324920015e-02 -1.088802237202868804e-02 -1.056159931527307291e-02 -1.022969328001622179e-02 -9.892463328771987710e-03 -9.550071355750472737e-03 -9.202680077184451080e-03 -8.850457095059530502e-03 -8.493571450297197206e-03 -8.132191122674674658e-03 -7.766491870817369969e-03 -7.396649606422637732e-03 -7.022837476957049900e-03 -6.645237563609305946e-03 -6.264030193770528561e-03
-1.426384240714636924e-02 -1.401764757424429561e-02 -1.376409571080976918e-02 -1.350330854255495268e-02 -1.323541132090677239e-02 -1.296053185472805826e-02 -1.267880157861561545e-02 -1.239035673112183315e-02 -1.209533237740928295e-02 -1.179387354415360224e-02 -1.148612204779984880e-02 -1.117222592005691351e-02 -1.085233519771643118e-02 -1.052660355802857890e-02 -1.019518723153407629e-02 -9.858243085157234603e-03 -9.515934705204589367e-03 -9.168424201624798126e-03 -8.815879675158450404e-03 -8.458467824416992034e-03 -8.096361253601386254e-03 -7.729732962945896207e-03 -7.358758393830168096e-03
-1.312299468030861394e-02 -1.284192583941703644e-02 -1.255428292788942669e-02 -1.226020301117205016e-02 -1.195982755212534471e-02 -1.165329937876834025e-02 -1.134076570694663930e-02 -1.102237715439439297e-02 -1.069828460055140609e-02 -1.036864342512922033e-02 -1.003361262137919194e-02 -9.693350987590854465e-03 -9.348023789745718917e-03 -8.997793147204100062e-03 -8.642829542104490947e-03 -8.283300874656554166e-03 -7.919380765152896073e-03 -7.551242824849565931e-03 -7.179063390140464490e-03 -6.803019573620352166e-03 -6.423293747336154824e-03 -6.040065124830145196e-03 -5.653518917373485074e-03
-1.233099045808902679e-02 -1.203070063945991565e-02 -1.172431470773943954e-02 -1.141198137118009000e-02 -1.109384875671085707e-02 -1.077006910716037623e-02 -1.044079853932675973e-02 -1.010619296189009010e-02 -9.766413948335595646e-03 -9.421624148940790228e-03 -9.071987942457854920e-03 -8.717672490936866775e-03 -8.358848994526421605e-03 -7.995687787994565018e-03 -7.628362500544455353e-03 -7.257050892624093696e-03 -6.881927812368321407e-03 -6.503175856341689327e-03 -6.120973908101234873e-03 -5.735506301826404606e-03 -5.346957502186529612e-03 -4.955512921391795784e-03 -4.561360880494839780e-03
-1.249110745194886331e-02 -1.219565084110000967e-02 -1.189393041180115268e-02 -1.158608837109497379e-02 -1.127227350979291033e-02 -1.095263547979379894e-02 -1.062732763842721972e-02 -1.029650577144378652e-02 -9.960327579134746825e-03 -9.618954261569450867e-03 -9.272550536363869181e-03 -8.921280565796262454e-03 -8.565313250428245595e-03 -8.204818258177166285e-03 -7.839969746176929724e-03 -7.470940480471249291e-03 -7.097908751634544530e-03 -6.721052381245852525e-03 -6.340551478686133960e-03 -5.956588929453787880e-03 -5.569347541270653831e-03 -5.179014634418523805e-03 -4.785774535463148231e-03
-1.134353953409742918e-02 -1.102417010850329816e-02 -1.069918780035426439e-02 -1.036874793579008538e-02 -1.003300774657813095e-02 -9.692129255712080699e-03 -9.346274922748450467e-03 -8.995610946400445229e-03 -8.640304595040027361e-03 -8.280525907156709511e-03 -7.916447857616056363e-03 -7.548244314925861391e-03 -7.176090938215228150e-03 -6.800166721341468178e-03 -6.420651469231550626e-03 -6.037727580923597966e-03 -5.651575466570936228e-03 -5.262383705102237699e-03 -4.870336730293627070e-03 -4.475622207195279444e-03 -4.078429918218397753e-03 -3.678948445191871242e-03 -3.277370550177818170e-03
-1.194085925016177829e-02 -1.169919574252636929e-02 -1.145121613889711273e-02 -1.119704021317304704e-02 -1.093678744495722548e-02 -1.067058449641453306e-02 -1.039855737602936488e-02 -1.012083821208087722e-02 -9.837557298879473500e-03 -9.548852235975797964e-03 -9.254860500160999592e-03 -8.955723375343605658e-03 -8.651582920404935970e-03 -8.342586149530697645e-03 -8.028879982682469302e-03 -7.710615131124003672e-03 -7.387943151524791960e-03 -7.061019978131822042e-03 -6.730000371763378633e-03 -6.395044167582438280e-03 -6.056311540526712785e-03 -5.713963229442889022e-03 -5.368164458959624567e-03
-1.169184761571183048e-02 -1.144368051695621516e-02 -1.118932040317301320e-02 -1.092888715107517839e-02 -1.066250800896099797e-02 -1.039030797540898589e-02 -1.011241964247096801e-02 -9.828974542732194994e-03 -9.540108672794573794e-03 -9.245960583618038561e-03 -8.946671241360816540e-03 -8.642382875505550538e-03 -8.333242328630181481e-03 -8.019398170176132365e-03 -7.700998077643158961e-03 -7.378196709040025537e-03 -7.051148106657554454e-03 -6.720008162310718222e-03 -6.384936336656379767e-03 -6.046092426953790337e-03 -5.703639084704589628e-03 -5.357738964286406710e-03 -5.008559954441899748e-03
-1.098736852278141794e-02 -1.072150815392953344e-02 -1.044988105086613710e-02 -1.017261714405258595e-02 -9.889849235845349362e-03 -9.601712442822183530e-03 -9.308345101126514268e-03 -9.009887635634485428e-03 -8.706482469313677960e-03 -8.398275476077028678e-03 -8.085413620252664829e-03 -7.768046439208189588e-03 -7.446327113083643992e-03 -7.120408654196691556e-03 -6.790447032110086961e-03 -6.456601162270604252e-03 -6.119029033431331276e-03 -5.777893913168491435e-03 -5.433358753532288761e-03 -5.085588297462836742e-03 -4.734748233928676338e-03 -4.381008038590525344e-03 -4.024536490899939187e-03
-1.071344252237349873e-02 -1.044164505340368365e-02 -1.016421280030212898e-02 -9.881282684751939091e-03 -9.592986845721058684e-03 -9.299464940055622228e-03 -9.000856574029811319e-03 -8.697305559253390786e-03 -8.388956703899263026e-03 -8.075957044232005139e-03 -7.758457932123255171e-03 -7.436609618355136467e-03 -7.110567855426332996e-03 -6.780487210637591543e-03 -6.446527288923133321e-03 -6.108846301567589718e-03 -5.767606489652454642e-03 -5.422971973924603679e-03 -5.075106626468842315e-03 -4.724177378504514600e-03 -4.370352832470819800e-03 -4.013801943754991691e-03 -3.654694602401606460e-03
-1.009094172735781891e-02 -9.751557681786282919e-03 -9.407079859158680446e-03 -9.057670754370377234e-03 -8.703500032700149311e-03 -8.344735617078118464e-03 -7.981549560649722069e-03 -7.614116210375310688e-03 -7.242611115445437425e-03 -6.867212000836787379e-03 -6.488099252051059487e-03 -6.105453075997781254e-03 -5.719458138322572327e-03 -5.330298320042821912e-03 -4.938159935258150564e-03 -4.543231056369991146e-03 -4.145700170792472605e-03 -3.745758437253973120e-03 -3.343596579421450818e-03 -2.939407960157373965e-03 -2.533385534462729693e-03 -2.125722496249499421e-03 -1.716616492493003646e-03
-9.739015490997903965e-03 -9.394354481417224387e-03 -9.044767570465307369e-03 -8.690425384825827340e-03 -8.331495816634920670e-03 -7.968150855080300202e-03 -7.600565194875373749e-03 -7.228914311157611308e-03 -6.853375733709489957e-03 -6.474130308205170402e-03 -6.091357742367083973e-03 -5.705243356683690863e-03 -5.315971532625108145e-03 -4.923727483887806698e-03 -4.528699579883495134e-03 -4.131076999464165962e-03 -3.731050672357138359e-03 -3.328811091472557923e-03 -2.924551420149692875e-03 -2.518465689233644663e-03 -2.110746406569775392e-03 -1.701590485659320489e-03 -1.291193798975113008e-03
0.000000000000000000e+00 0.000000000000000000e+00 0.000000000000000000e+00 0.000000000000000000e+00 0.000000000000000000e+00 0.000000000000000000e+00 0.000000000000000000e+00 0.000000000000000000e+00 0.000000000000000000e+00 0.000000000000000000e+00 0.000000000000000000e+00 0.000000000000000000e+00 0.000000000000000000e+00 0.000000000000000000e+00 0.000000000000000000e+00 0.000000000000000000e+00 0.000000000000000000e+00 0.000000000000000000e+00 0.000000000000000000e+00 0.000000000000000000e+00 0.000000000000000000e+00 0.000000000000000000e+00 0.000000000000000000e+00
-1.166852953365567734e-02 -1.135514113574891300e-02 -1.103598040441951950e-02 -1.071120120131667866e-02 -1.038095853701804724e-02 -1.004540991477307840e-02 -9.704717162333420868e-03 -9.359042231439334419e-03 -9.008551753091620373e-03 -8.653411967967870530e-03 -8.293795208391168544e-03 -7.929871550039687203e-03 -7.561815612647915415e-03 -7.189804169518455856e-03 -6.814015407226160434e-03 -6.434628852113628318e-03 -6.051825570053345933e-03 -5.665789488368189707e-03 -5.276706143947691371e-03 -4.884759434384104877e-03 -4.490140248392433461e-03 -4.093034784249958112e-03 -3.693634027971863434e-03
