-1.074486850180152685e-02
-1.059942815570589711e-02
-1.558728379922125033e-02
-1.707009485624961381e-02
-1.717931693190959119e-02
-1.706899827089777139e-02
-1.721071184659608150e-02
-1.668021926676512001e-02
-1.673439462160357383e-02
-1.741121167224370450e-02
-1.683623482727199944e-02
-1.693535420541778663e-02
-1.685903545949902702e-02
-1.691548741606922410e-02
-1.888821761676647698e-02
-1.659999102321035869e-02
-1.858028992613788496e-02
-1.623777348198205545e-02
-1.821853813412427706e-02
-1.812853137581571863e-02
-1.567863898917065332e-02
-1.755434069067748210e-02
-1.755944795596343574e-02
-1.505351433301297878e-02
-1.582087134604985915e-02
-1.653279288521520771e-02
-1.451917749149483731e-02
-1.595995218495296214e-02
-1.393826639344439115e-02
-1.232973455499160667e-02
-1.307010385250486489e-02
-1.181013637977754334e-02
-1.239823297428052813e-02
-1.126025895785975374e-02
-1.166980052533476454e-02
-1.134602316013082722e-02
-1.222200469634235342e-02
-1.063170142594194699e-02
-1.155229592408850252e-02
-9.892463328771987710e-03
-1.085233519771643118e-02
-9.348023789745718917e-03
-8.358848994526421605e-03
-8.565313250428245595e-03
-7.176090938215228150e-03
-8.651582920404935970e-03
-8.333242328630181481e-03
-7.446327113083643992e-03
-7.110567855426332996e-03
-5.719458138322572327e-03
-5.315971532625108145e-03
0.000000000000000000e+00
-7.561815612647915415e-03
