5.820247569444444525e+04
5.820247729166666977e+04
5.820249054398148292e+04
5.820249771990740555e+04
5.820250185185185546e+04
5.820250749999999971e+04
5.820251158564814978e+04
5.820251885416666482e+04
5.820252245370370656e+04
5.820252763888888876e+04
5.820253269675926276e+04
5.820253874999999971e+04
5.820254234953703417e+04
5.820254634259259183e+04
5.820255071759259590e+04
5.820255505787036964e+04
5.820255936342592759e+04
5.820256364583333198e+04
5.820256790509259008e+04
5.820257229166666366e+04
5.820257660879629839e+04
5.820258101851851825e+04
5.820258482638889109e+04
5.820258905092592613e+04
5.820259350694444583e+04
5.820259759259259590e+04
5.820260166666666919e+04
5.820260572916666570e+04
5.820260979166666948e+04
5.820261694444444583e+04
5.820262104166666541e+04
5.820262511574073869e+04
5.820262917824074248e+04
5.820263322916666948e+04
5.820263755787037371e+04
5.820264115740740817e+04
5.820264502314815036e+04
5.820264886574073898e+04
5.820265270833333489e+04
5.820265655092592351e+04
5.820266039351851941e+04
5.820266204861111328e+04
5.820266601851851738e+04
5.820266974537036731e+04
5.820267718749999767e+04
5.820268123842592468e+04
5.820268481481481285e+04
5.820268869212963182e+04
5.820269226851852000e+04
5.820269618055555475e+04
5.820269978009258921e+04
5.820270567129629490e+04
5.820267358796296321e+04
